# This is an exemplary isentrope for an opx mantle composition, exported
# from HeFESTo, for a surface adiabatic temperature of 1600 K. Temperature
# column contains entropy for this table.
#
# POINTS: 1401
# depth (m), pressure (Pa), entropy (J/kg/K), density (kg/m^3)
depth             pressure          temperature       density
0 0 2534.05 3362.76
5744.54 100000000 2534.05 3365.46
9659.71 200000000 2534.05 3368.15
13574.9 300000000 2534.05 3370.83
17234.1 400000000 2534.05 3373.51
20746.8 500000000 2534.05 3376.17
24259.5 6e+08 2534.05 3378.83
27280.6 7e+08 2534.05 3381.48
30281.1 800000000 2534.05 3384.12
33281.7 900000000 2534.05 3386.75
36282.3 1000000000 2534.05 3389.38
39282.9 1100000000 2534.05 3392
42288 1.2e+09 2534.05 3394.61
45294.6 1300000000 2534.05 3397.21
48301.3 1.4e+09 2534.05 3399.8
51307.9 1500000000 2534.05 3402.39
54314.5 1600000000 2534.05 3404.97
57321.1 1.7e+09 2534.05 3407.54
60327.9 1800000000 2534.05 3410.1
63336.3 1.9e+09 2534.05 3412.66
66344.8 2000000000 2534.05 3415.21
69353.2 2100000000 2534.05 3417.75
72361.6 2200000000 2534.05 3420.29
75370 2.3e+09 2534.05 3422.81
78378.5 2.4e+09 2534.05 3425.33
81385.7 2500000000 2534.05 3427.85
84391.5 2600000000 2534.05 3430.36
87397.4 2700000000 2534.05 3432.86
90403.2 2.8e+09 2534.05 3435.35
93409.1 2.9e+09 2534.05 3437.84
96414.9 3000000000 2534.05 3440.32
99420.7 3100000000 2534.05 3442.79
102427 3200000000 2534.05 3445.26
105432 3.3e+09 2534.05 3447.72
108438 3.4e+09 2534.05 3450.17
111444 3500000000 2534.05 3452.62
114450 3600000000 2534.05 3455.06
117456 3700000000 2534.05 3457.5
120463 3.8e+09 2534.05 3459.93
123470 3.9e+09 2534.05 3462.35
126476 4000000000 2534.05 3464.77
129483 4.1e+09 2534.05 3467.18
132489 4200000000 2534.05 3469.59
135496 4300000000 2534.05 3471.99
138503 4400000000 2534.05 3474.38
141509 4500000000 2534.05 3476.77
144516 4.6e+09 2534.05 3479.15
147523 4700000000 2534.05 3481.52
150529 4.8e+09 2534.05 3483.89
153535 4900000000 2534.05 3486.26
156542 5000000000 2534.05 3488.62
159548 5.1e+09 2534.05 3490.97
162555 5200000000 2534.05 3493.32
165561 5.3e+09 2534.05 3495.66
168567 5400000000 2534.05 3498
171574 5500000000 2534.05 3500.33
174580 5.6e+09 2534.05 3502.65
177586 5700000000 2534.05 3504.98
180593 5.8e+09 2534.05 3507.29
183599 5900000000 2534.05 3509.6
186605 6000000000 2534.05 3511.9
189612 6.1e+09 2534.05 3514.2
192618 6200000000 2534.05 3516.5
195624 6.3e+09 2534.05 3518.79
198631 6400000000 2534.05 3521.07
201637 6500000000 2534.05 3523.35
204644 6.6e+09 2534.05 3525.62
207650 6700000000 2534.05 3527.89
210656 6.8e+09 2534.05 3530.16
213663 6900000000 2534.05 3532.42
216669 7000000000 2534.05 3534.67
219675 7.1e+09 2534.05 3536.92
222608 7200000000 2534.05 3539.17
225533 7.3e+09 2534.05 3541.4
228457 7400000000 2534.05 3543.64
231381 7500000000 2534.05 3545.87
234305 7.6e+09 2534.05 3548.1
237229 7700000000 2534.05 3550.32
240153 7.8e+09 2534.05 3552.53
243078 7900000000 2534.05 3554.74
246002 8000000000 2534.05 3556.95
248926 8100000000 2534.05 3559.15
251850 8.2e+09 2534.05 3561.35
254774 8.3e+09 2534.05 3563.55
257698 8400000000 2534.05 3565.73
260623 8500000000 2534.05 3567.92
263547 8600000000 2534.05 3570.1
266457 8.7e+09 2534.05 3572.27
269355 8800000000 2534.05 3574.45
272253 8900000000 2534.05 3576.61
275150 9000000000 2534.05 3578.78
278048 9100000000 2534.05 3580.93
280946 9.2e+09 2534.05 3583.09
283843 9300000000 2534.05 3585.24
286741 9400000000 2534.05 3587.38
289638 9500000000 2534.05 3589.53
292536 9.6e+09 2534.05 3591.66
295434 9.7e+09 2534.05 3593.8
298331 9800000000 2534.05 3595.92
301229 9900000000 2534.05 3598.05
304127 10000000000 2534.05 3600.17
307024 1.01e+10 2534.05 3602.29
309922 1.02e+10 2534.05 3604.4
312793 10300000000 2534.05 3606.51
315664 10400000000 2534.05 3608.61
318535 10500000000 2534.05 3610.72
321406 1.06e+10 2534.05 3612.81
324277 1.07e+10 2534.05 3614.91
327147 10800000000 2534.05 3616.99
330018 10900000000 2534.05 3619.08
332889 11000000000 2534.05 3621.16
335760 1.11e+10 2534.05 3623.24
338631 1.12e+10 2534.05 3625.31
341501 11300000000 2534.05 3627.38
344372 11400000000 2534.05 3629.45
347243 11500000000 2534.05 3631.51
350114 1.16e+10 2534.05 3633.57
352985 1.17e+10 2534.05 3635.63
355848 11800000000 2534.05 3637.68
358693 11900000000 2534.05 3639.73
361537 12000000000 2534.05 3641.77
364382 1.21e+10 2534.05 3643.81
367227 1.22e+10 2534.05 3645.85
370072 12300000000 2534.05 3647.88
372917 12400000000 2534.05 3649.91
375762 12500000000 2534.05 3651.94
378607 1.26e+10 2534.05 3653.96
381452 1.27e+10 2534.05 3655.98
384296 12800000000 2534.05 3658
387141 12900000000 2534.05 3660.01
389986 13000000000 2534.05 3662.02
392831 1.31e+10 2534.05 3664.02
395676 1.32e+10 2534.05 3666.02
398521 13300000000 2534.05 3668.02
401281 13400000000 2534.05 3670.02
403951 13500000000 2534.05 3672.01
406620 1.36e+10 2534.05 3674
409289 1.37e+10 2534.05 3675.98
411959 13800000000 2534.05 3677.97
414628 13900000000 2534.05 3679.94
417298 14000000000 2534.05 3681.92
419967 1.41e+10 2534.05 3683.89
422636 1.42e+10 2534.05 3685.86
425306 14300000000 2534.05 3687.83
427975 14400000000 2534.05 3689.79
430644 14500000000 2534.05 3691.75
433314 1.46e+10 2534.05 3693.7
435983 1.47e+10 2534.05 3695.66
438653 14800000000 2534.05 3697.6
441322 14900000000 2534.05 3699.55
443991 15000000000 2534.05 3701.49
446661 1.51e+10 2534.05 3703.43
449330 1.52e+10 2534.05 3705.37
451965 15300000000 2534.05 3707.31
454588 15400000000 2534.05 3709.24
457211 15500000000 2534.05 3711.16
459835 1.56e+10 2534.05 3713.09
462458 1.57e+10 2534.05 3715.01
465081 15800000000 2534.05 3716.93
467705 15900000000 2534.05 3718.84
470328 16000000000 2534.05 3720.76
472951 1.61e+10 2534.05 3722.67
475575 16200000000 2534.05 3724.57
478198 16300000000 2534.05 3726.48
480821 1.64e+10 2534.05 3728.38
483444 16500000000 2534.05 3730.28
486068 1.66e+10 2534.05 3732.17
488691 16700000000 2534.05 3734.06
491314 16800000000 2534.05 3735.95
493938 1.69e+10 2534.05 3737.84
496561 17000000000 2534.05 3739.72
499184 1.71e+10 2534.05 3741.6
501777 17200000000 2534.05 3743.48
504355 17300000000 2534.05 3745.35
506933 1.74e+10 2534.05 3747.23
509512 17500000000 2534.05 3749.1
512090 17600000000 2534.05 3750.96
514668 17700000000 2534.05 3752.83
517247 17800000000 2534.05 3754.69
519825 1.79e+10 2534.05 3756.55
522404 18000000000 2534.05 3758.4
524982 18100000000 2534.05 3760.25
527560 18200000000 2534.05 3762.1
530139 18300000000 2534.05 3763.95
532717 1.84e+10 2534.05 3765.8
535296 18500000000 2534.05 3767.64
537874 18600000000 2534.05 3769.48
540452 18700000000 2534.05 3771.31
543031 18800000000 2534.05 3773.15
545609 1.89e+10 2534.05 3774.98
548187 19000000000 2534.05 3776.81
550753 19100000000 2534.05 3778.63
553288 1.92e+10 2534.05 3780.46
555823 19300000000 2534.05 3782.28
558359 1.94e+10 2534.05 3784.1
560894 19500000000 2534.05 3785.91
563429 19600000000 2534.05 3787.73
565964 1.97e+10 2534.05 3789.54
568500 19800000000 2534.05 3791.34
571035 1.99e+10 2534.05 3793.15
573570 20000000000 2534.05 3794.95
576105 20100000000 2534.05 3796.75
578641 2.02e+10 2534.05 3798.55
581176 20300000000 2534.05 3800.35
583711 2.04e+10 2534.05 3802.14
586246 20500000000 2534.05 3803.93
588782 20600000000 2534.05 3805.72
591317 2.07e+10 2534.05 3807.5
593852 20800000000 2534.05 3809.29
596387 2.09e+10 2534.05 3811.07
598923 21000000000 2534.05 3812.85
601444 21100000000 2534.05 3814.62
603955 2.12e+10 2534.05 3816.4
606466 21300000000 2534.05 3818.17
608977 2.14e+10 2534.05 3819.94
611488 21500000000 2534.05 3821.7
613999 21600000000 2534.05 3823.47
616509 2.17e+10 2534.05 3825.23
619020 21800000000 2534.05 3826.99
621531 2.19e+10 2534.05 3828.74
624042 22000000000 2534.05 3830.5
626553 22100000000 2534.05 3832.25
629064 2.22e+10 2534.05 3834
631575 22300000000 2534.05 3835.75
634086 2.24e+10 2534.05 3837.49
636593 22500000000 2534.05 3839.24
639099 22600000000 2534.05 3840.98
641604 2.27e+10 2534.05 3842.72
644110 22800000000 2534.05 3844.45
646615 2.29e+10 2534.05 3846.19
649120 23000000000 2534.05 3847.92
651626 23100000000 2534.05 3849.65
654131 2.32e+10 2534.05 3851.37
656636 23300000000 2534.05 3853.1
659142 2.34e+10 2534.05 3854.82
661647 23500000000 2534.05 3860.7
664152 23600000000 2534.05 3874.25
666658 2.37e+10 2534.05 3887.91
669163 23800000000 2534.05 3901.67
671513 2.39e+10 2534.05 3915.54
673785 24000000000 2534.05 3929.53
676057 24100000000 2534.05 3943.63
678328 2.42e+10 2534.05 3957.85
680600 24300000000 2534.05 3972.19
682872 2.44e+10 2534.05 3986.65
685144 24500000000 2534.05 4001.23
687416 24600000000 2534.05 4007.32
689688 2.47e+10 2534.05 4008.97
691959 24800000000 2534.05 4010.62
694231 2.49e+10 2534.05 4012.26
696503 25000000000 2534.05 4013.9
698775 25100000000 2534.05 4015.54
701047 2.52e+10 2534.05 4017.18
703318 25300000000 2534.05 4018.82
705590 2.54e+10 2534.05 4020.45
707862 25500000000 2534.05 4022.09
710134 25600000000 2534.05 4023.72
712406 2.57e+10 2534.05 4025.35
714678 25800000000 2534.05 4026.98
716949 2.59e+10 2534.05 4028.61
719221 26000000000 2534.05 4030.23
721490 26100000000 2534.05 4031.85
723748 2.62e+10 2534.05 4033.48
726006 26300000000 2534.05 4035.1
728264 2.64e+10 2534.05 4036.72
730522 26500000000 2534.05 4038.33
732780 26600000000 2534.05 4039.95
735038 2.67e+10 2534.05 4041.56
737296 26800000000 2534.05 4043.17
739554 2.69e+10 2534.05 4044.78
741812 27000000000 2534.05 4046.39
744069 27100000000 2534.05 4048
746327 2.72e+10 2534.05 4049.6
748585 27300000000 2534.05 4051.21
750843 2.74e+10 2534.05 4052.81
753101 27500000000 2534.05 4054.41
755359 27600000000 2534.05 4056.01
757617 2.77e+10 2534.05 4057.6
759875 27800000000 2534.05 4059.2
762133 2.79e+10 2534.05 4060.79
764391 28000000000 2534.05 4062.39
766649 28100000000 2534.05 4063.98
768907 2.82e+10 2534.05 4065.57
771163 28300000000 2534.05 4067.15
773401 2.84e+10 2534.05 4068.74
775638 28500000000 2534.05 4070.32
777875 28600000000 2534.05 4071.91
780113 2.87e+10 2534.05 4073.49
782350 28800000000 2534.05 4075.07
784587 2.89e+10 2534.05 4076.64
786825 29000000000 2534.05 4078.22
789062 29100000000 2534.05 4079.8
791299 2.92e+10 2534.05 4081.37
793537 29300000000 2534.05 4082.94
795774 2.94e+10 2534.05 4084.51
798011 29500000000 2534.05 4086.08
800249 29600000000 2534.05 4087.65
802486 2.97e+10 2534.05 4089.21
804723 29800000000 2534.05 4090.78
806961 2.99e+10 2534.05 4092.34
809198 30000000000 2534.05 4093.9
811435 30100000000 2534.05 4095.46
813673 3.02e+10 2534.05 4097.02
815910 30300000000 2534.05 4098.57
818147 3.04e+10 2534.05 4100.13
820385 30500000000 2534.05 4101.68
822622 30600000000 2534.05 4103.23
824859 3.07e+10 2534.05 4104.78
827097 30800000000 2534.05 4106.33
829334 3.09e+10 2534.05 4107.88
831571 31000000000 2534.05 4109.43
833809 31100000000 2534.05 4110.97
836046 3.12e+10 2534.05 4112.51
838283 31300000000 2534.05 4114.06
840521 3.14e+10 2534.05 4115.6
842758 31500000000 2534.05 4117.13
844995 31600000000 2534.05 4118.67
847233 3.17e+10 2534.05 4120.21
849470 31800000000 2534.05 4121.74
851707 3.19e+10 2534.05 4123.27
853945 32000000000 2534.05 4124.81
856182 32100000000 2534.05 4126.34
858419 3.22e+10 2534.05 4127.86
860657 3.23e+10 2534.05 4129.39
862894 32400000000 2534.05 4130.92
865131 32500000000 2534.05 4132.44
867369 32600000000 2534.05 4133.96
869606 3.27e+10 2534.05 4135.49
871834 3.28e+10 2534.05 4137.01
874045 32900000000 2534.05 4138.52
876256 33000000000 2534.05 4140.04
878466 33100000000 2534.05 4141.56
880677 3.32e+10 2534.05 4143.07
882888 3.33e+10 2534.05 4144.59
885099 33400000000 2534.05 4146.1
887310 33500000000 2534.05 4147.61
889521 33600000000 2534.05 4149.12
891732 3.37e+10 2534.05 4150.62
893943 3.38e+10 2534.05 4152.13
896154 33900000000 2534.05 4153.63
898365 34000000000 2534.05 4155.14
900576 34100000000 2534.05 4156.64
902787 3.42e+10 2534.05 4158.14
904998 3.43e+10 2534.05 4159.64
907209 34400000000 2534.05 4161.14
909420 34500000000 2534.05 4162.64
911631 34600000000 2534.05 4164.13
913842 34700000000 2534.05 4165.62
916053 3.48e+10 2534.05 4167.12
918264 34900000000 2534.05 4168.61
920475 35000000000 2534.05 4170.1
922686 35100000000 2534.05 4171.59
924897 35200000000 2534.05 4173.07
927108 3.53e+10 2534.05 4174.56
929319 35400000000 2534.05 4176.05
931530 35500000000 2534.05 4177.53
933741 35600000000 2534.05 4179.01
935952 35700000000 2534.05 4180.49
938163 3.58e+10 2534.05 4181.97
940374 35900000000 2534.05 4183.45
942585 36000000000 2534.05 4184.93
944796 36100000000 2534.05 4186.4
947007 36200000000 2534.05 4187.88
949218 3.63e+10 2534.05 4189.35
951429 36400000000 2534.05 4190.82
953639 36500000000 2534.05 4192.29
955850 36600000000 2534.05 4193.76
958061 36700000000 2534.05 4195.23
960272 3.68e+10 2534.05 4196.69
962483 36900000000 2534.05 4198.16
964694 37000000000 2534.05 4199.62
966905 37100000000 2534.05 4201.09
969116 37200000000 2534.05 4202.55
971324 3.73e+10 2534.05 4204.01
973509 37400000000 2534.05 4205.47
975695 37500000000 2534.05 4206.93
977880 37600000000 2534.05 4208.38
980066 37700000000 2534.05 4209.84
982252 3.78e+10 2534.05 4211.29
984437 37900000000 2534.05 4212.74
986623 38000000000 2534.05 4214.2
988808 38100000000 2534.05 4215.65
990994 38200000000 2534.05 4217.09
993180 3.83e+10 2534.05 4218.54
995365 3.84e+10 2534.05 4219.99
997551 38500000000 2534.05 4221.43
999736 38600000000 2534.05 4222.88
1.00192e+06 38700000000 2534.05 4224.32
1.00411e+06 3.88e+10 2534.05 4225.76
1.00629e+06 3.89e+10 2534.05 4227.2
1.00848e+06 39000000000 2534.05 4228.64
1.01066e+06 39100000000 2534.05 4230.08
1.01285e+06 39200000000 2534.05 4231.52
1.01504e+06 3.93e+10 2534.05 4232.95
1.01722e+06 3.94e+10 2534.05 4234.39
1.01941e+06 39500000000 2534.05 4235.82
1.02159e+06 39600000000 2534.05 4237.25
1.02378e+06 39700000000 2534.05 4238.69
1.02596e+06 3.98e+10 2534.05 4240.12
1.02815e+06 3.99e+10 2534.05 4241.54
1.03033e+06 40000000000 2534.05 4242.97
1.03252e+06 40100000000 2534.05 4244.4
1.03471e+06 40200000000 2534.05 4245.82
1.03689e+06 4.03e+10 2534.05 4247.25
1.03908e+06 4.04e+10 2534.05 4248.67
1.04126e+06 40500000000 2534.05 4250.09
1.04345e+06 40600000000 2534.05 4251.51
1.04563e+06 40700000000 2534.05 4252.93
1.04782e+06 4.08e+10 2534.05 4254.35
1.05001e+06 4.09e+10 2534.05 4255.77
1.05219e+06 41000000000 2534.05 4257.18
1.05438e+06 41100000000 2534.05 4258.6
1.05656e+06 41200000000 2534.05 4260.01
1.05875e+06 4.13e+10 2534.05 4261.42
1.06093e+06 4.14e+10 2534.05 4262.83
1.06312e+06 41500000000 2534.05 4264.24
1.0653e+06 41600000000 2534.05 4265.65
1.06749e+06 41700000000 2534.05 4267.06
1.06968e+06 4.18e+10 2534.05 4268.47
1.07185e+06 4.19e+10 2534.05 4269.87
1.07401e+06 42000000000 2534.05 4271.28
1.07617e+06 42100000000 2534.05 4272.68
1.07833e+06 42200000000 2534.05 4274.08
1.0805e+06 4.23e+10 2534.05 4275.48
1.08266e+06 4.24e+10 2534.05 4276.88
1.08482e+06 42500000000 2534.05 4278.28
1.08698e+06 42600000000 2534.05 4279.68
1.08914e+06 42700000000 2534.05 4281.08
1.0913e+06 4.28e+10 2534.05 4282.47
1.09346e+06 4.29e+10 2534.05 4283.87
1.09562e+06 43000000000 2534.05 4285.26
1.09778e+06 43100000000 2534.05 4286.65
1.09994e+06 43200000000 2534.05 4288.04
1.1021e+06 4.33e+10 2534.05 4289.43
1.10427e+06 4.34e+10 2534.05 4290.82
1.10643e+06 43500000000 2534.05 4292.21
1.10859e+06 43600000000 2534.05 4293.6
1.11075e+06 43700000000 2534.05 4294.98
1.11291e+06 4.38e+10 2534.05 4296.37
1.11507e+06 4.39e+10 2534.05 4297.75
1.11723e+06 44000000000 2534.05 4299.13
1.11939e+06 44100000000 2534.05 4300.51
1.12155e+06 44200000000 2534.05 4301.89
1.12371e+06 4.43e+10 2534.05 4303.27
1.12588e+06 4.44e+10 2534.05 4304.65
1.12804e+06 44500000000 2534.05 4306.03
1.1302e+06 44600000000 2534.05 4307.4
1.13236e+06 44700000000 2534.05 4308.78
1.13452e+06 4.48e+10 2534.05 4310.15
1.13668e+06 4.49e+10 2534.05 4311.53
1.13884e+06 45000000000 2534.05 4312.9
1.141e+06 45100000000 2534.05 4314.27
1.14316e+06 45200000000 2534.05 4315.64
1.14532e+06 4.53e+10 2534.05 4317.01
1.14748e+06 4.54e+10 2534.05 4318.37
1.14965e+06 45500000000 2534.05 4319.74
1.15181e+06 45600000000 2534.05 4321.11
1.15397e+06 45700000000 2534.05 4322.47
1.15613e+06 4.58e+10 2534.05 4323.83
1.15829e+06 4.59e+10 2534.05 4325.2
1.16045e+06 46000000000 2534.05 4326.56
1.16261e+06 46100000000 2534.05 4327.92
1.16477e+06 46200000000 2534.05 4329.28
1.16693e+06 4.63e+10 2534.05 4330.64
1.16909e+06 4.64e+10 2534.05 4331.99
1.17125e+06 46500000000 2534.05 4333.35
1.17339e+06 46600000000 2534.05 4334.7
1.17553e+06 46700000000 2534.05 4336.06
1.17766e+06 4.68e+10 2534.05 4337.41
1.1798e+06 4.69e+10 2534.05 4338.76
1.18194e+06 47000000000 2534.05 4340.12
1.18407e+06 47100000000 2534.05 4341.47
1.18621e+06 47200000000 2534.05 4342.81
1.18835e+06 4.73e+10 2534.05 4344.16
1.19049e+06 4.74e+10 2534.05 4345.51
1.19262e+06 47500000000 2534.05 4346.86
1.19476e+06 47600000000 2534.05 4348.2
1.1969e+06 47700000000 2534.05 4349.55
1.19903e+06 4.78e+10 2534.05 4350.89
1.20117e+06 4.79e+10 2534.05 4352.23
1.20331e+06 48000000000 2534.05 4353.57
1.20544e+06 48100000000 2534.05 4354.91
1.20758e+06 48200000000 2534.05 4356.25
1.20972e+06 4.83e+10 2534.05 4357.59
1.21186e+06 4.84e+10 2534.05 4358.93
1.21399e+06 48500000000 2534.05 4360.26
1.21613e+06 48600000000 2534.05 4361.6
1.21827e+06 48700000000 2534.05 4362.93
1.2204e+06 4.88e+10 2534.05 4364.27
1.22254e+06 4.89e+10 2534.05 4365.6
1.22468e+06 49000000000 2534.05 4366.93
1.22681e+06 49100000000 2534.05 4368.26
1.22895e+06 49200000000 2534.05 4369.59
1.23109e+06 4.93e+10 2534.05 4370.92
1.23323e+06 4.94e+10 2534.05 4372.25
1.23536e+06 49500000000 2534.05 4373.57
1.2375e+06 49600000000 2534.05 4374.9
1.23964e+06 49700000000 2534.05 4376.22
1.24177e+06 4.98e+10 2534.05 4377.55
1.24391e+06 4.99e+10 2534.05 4378.87
1.24605e+06 50000000000 2534.05 4380.19
1.24819e+06 50100000000 2534.05 4381.51
1.25032e+06 50200000000 2534.05 4382.83
1.25246e+06 5.03e+10 2534.05 4384.15
1.2546e+06 5.04e+10 2534.05 4385.47
1.25673e+06 50500000000 2534.05 4386.79
1.25887e+06 50600000000 2534.05 4388.1
1.26101e+06 50700000000 2534.05 4389.42
1.26314e+06 5.08e+10 2534.05 4390.73
1.26528e+06 5.09e+10 2534.05 4392.04
1.26742e+06 51000000000 2534.05 4393.36
1.26956e+06 51100000000 2534.05 4394.67
1.27168e+06 51200000000 2534.05 4395.98
1.2738e+06 5.13e+10 2534.05 4397.29
1.27591e+06 5.14e+10 2534.05 4398.6
1.27803e+06 51500000000 2534.05 4399.91
1.28014e+06 51600000000 2534.05 4401.21
1.28225e+06 51700000000 2534.05 4402.52
1.28437e+06 5.18e+10 2534.05 4403.82
1.28648e+06 5.19e+10 2534.05 4405.13
1.28859e+06 52000000000 2534.05 4406.43
1.29071e+06 52100000000 2534.05 4407.73
1.29282e+06 52200000000 2534.05 4409.03
1.29493e+06 5.23e+10 2534.05 4410.33
1.29705e+06 5.24e+10 2534.05 4411.63
1.29916e+06 52500000000 2534.05 4412.93
1.30127e+06 52600000000 2534.05 4414.23
1.30339e+06 52700000000 2534.05 4415.53
1.3055e+06 5.28e+10 2534.05 4416.82
1.30761e+06 5.29e+10 2534.05 4418.12
1.30973e+06 53000000000 2534.05 4419.41
1.31184e+06 53100000000 2534.05 4420.71
1.31395e+06 53200000000 2534.05 4422
1.31607e+06 5.33e+10 2534.05 4423.29
1.31818e+06 5.34e+10 2534.05 4424.58
1.3203e+06 53500000000 2534.05 4425.87
1.32241e+06 53600000000 2534.05 4427.16
1.32452e+06 53700000000 2534.05 4428.45
1.32664e+06 5.38e+10 2534.05 4429.73
1.32875e+06 5.39e+10 2534.05 4431.02
1.33086e+06 54000000000 2534.05 4432.31
1.33298e+06 54100000000 2534.05 4433.59
1.33509e+06 54200000000 2534.05 4434.87
1.3372e+06 5.43e+10 2534.05 4436.16
1.33932e+06 5.44e+10 2534.05 4437.44
1.34143e+06 54500000000 2534.05 4438.72
1.34354e+06 54600000000 2534.05 4440
1.34566e+06 54700000000 2534.05 4441.28
1.34777e+06 5.48e+10 2534.05 4442.56
1.34988e+06 5.49e+10 2534.05 4443.84
1.352e+06 55000000000 2534.05 4445.11
1.35411e+06 55100000000 2534.05 4446.39
1.35622e+06 55200000000 2534.05 4447.66
1.35834e+06 5.53e+10 2534.05 4448.94
1.36045e+06 5.54e+10 2534.05 4450.21
1.36257e+06 55500000000 2534.05 4451.48
1.36468e+06 55600000000 2534.05 4452.75
1.36679e+06 55700000000 2534.05 4454.02
1.36891e+06 5.58e+10 2534.05 4455.29
1.37102e+06 5.59e+10 2534.05 4456.56
1.37311e+06 56000000000 2534.05 4457.83
1.3752e+06 56100000000 2534.05 4459.1
1.37729e+06 56200000000 2534.05 4460.37
1.37938e+06 5.63e+10 2534.05 4461.63
1.38147e+06 5.64e+10 2534.05 4462.9
1.38356e+06 56500000000 2534.05 4464.16
1.38565e+06 56600000000 2534.05 4465.42
1.38774e+06 56700000000 2534.05 4466.69
1.38983e+06 5.68e+10 2534.05 4467.95
1.39192e+06 5.69e+10 2534.05 4469.21
1.39401e+06 57000000000 2534.05 4470.47
1.3961e+06 57100000000 2534.05 4471.73
1.39819e+06 57200000000 2534.05 4472.98
1.40028e+06 5.73e+10 2534.05 4474.24
1.40237e+06 5.74e+10 2534.05 4475.5
1.40446e+06 57500000000 2534.05 4476.75
1.40655e+06 57600000000 2534.05 4478.01
1.40865e+06 57700000000 2534.05 4479.26
1.41074e+06 5.78e+10 2534.05 4480.52
1.41283e+06 5.79e+10 2534.05 4481.77
1.41492e+06 58000000000 2534.05 4483.02
1.41701e+06 58100000000 2534.05 4484.27
1.4191e+06 58200000000 2534.05 4485.52
1.42119e+06 5.83e+10 2534.05 4486.77
1.42328e+06 5.84e+10 2534.05 4488.02
1.42537e+06 58500000000 2534.05 4489.27
1.42746e+06 58600000000 2534.05 4490.51
1.42955e+06 58700000000 2534.05 4491.76
1.43164e+06 5.88e+10 2534.05 4493
1.43373e+06 5.89e+10 2534.05 4494.25
1.43582e+06 59000000000 2534.05 4495.49
1.43791e+06 59100000000 2534.05 4496.73
1.44e+06 59200000000 2534.05 4497.98
1.44209e+06 5.93e+10 2534.05 4499.22
1.44418e+06 5.94e+10 2534.05 4500.46
1.44627e+06 59500000000 2534.05 4501.7
1.44836e+06 59600000000 2534.05 4502.94
1.45045e+06 59700000000 2534.05 4504.17
1.45254e+06 5.98e+10 2534.05 4505.41
1.45463e+06 5.99e+10 2534.05 4506.65
1.45672e+06 60000000000 2534.05 4507.88
1.45881e+06 60100000000 2534.05 4509.12
1.4609e+06 60200000000 2534.05 4510.35
1.46299e+06 6.03e+10 2534.05 4511.59
1.46508e+06 6.04e+10 2534.05 4512.82
1.46717e+06 60500000000 2534.05 4514.05
1.46927e+06 60600000000 2534.05 4515.28
1.47135e+06 60700000000 2534.05 4516.51
1.47342e+06 6.08e+10 2534.05 4517.74
1.47549e+06 6.09e+10 2534.05 4518.97
1.47755e+06 61000000000 2534.05 4520.2
1.47962e+06 61100000000 2534.05 4521.42
1.48169e+06 61200000000 2534.05 4522.65
1.48376e+06 6.13e+10 2534.05 4523.88
1.48582e+06 6.14e+10 2534.05 4525.1
1.48789e+06 61500000000 2534.05 4526.32
1.48996e+06 61600000000 2534.05 4527.55
1.49202e+06 61700000000 2534.05 4528.77
1.49409e+06 6.18e+10 2534.05 4529.99
1.49616e+06 6.19e+10 2534.05 4531.21
1.49823e+06 62000000000 2534.05 4532.43
1.50029e+06 62100000000 2534.05 4533.65
1.50236e+06 62200000000 2534.05 4534.87
1.50443e+06 6.23e+10 2534.05 4536.09
1.5065e+06 6.24e+10 2534.05 4537.31
1.50856e+06 62500000000 2534.05 4538.52
1.51063e+06 62600000000 2534.05 4539.74
1.5127e+06 62700000000 2534.05 4540.95
1.51476e+06 6.28e+10 2534.05 4542.17
1.51683e+06 6.29e+10 2534.05 4543.38
1.5189e+06 63000000000 2534.05 4544.59
1.52097e+06 63100000000 2534.05 4545.81
1.52303e+06 63200000000 2534.05 4547.02
1.5251e+06 6.33e+10 2534.05 4548.23
1.52717e+06 6.34e+10 2534.05 4549.44
1.52924e+06 63500000000 2534.05 4550.65
1.5313e+06 63600000000 2534.05 4551.85
1.53337e+06 63700000000 2534.05 4553.06
1.53544e+06 6.38e+10 2534.05 4554.27
1.53751e+06 6.39e+10 2534.05 4555.47
1.53957e+06 64000000000 2534.05 4556.68
1.54164e+06 6.41e+10 2534.05 4557.88
1.54371e+06 64200000000 2534.05 4559.09
1.54577e+06 64300000000 2534.05 4560.29
1.54784e+06 6.44e+10 2534.05 4561.49
1.54991e+06 64500000000 2534.05 4562.7
1.55198e+06 6.46e+10 2534.05 4563.9
1.55404e+06 64700000000 2534.05 4565.1
1.55611e+06 64800000000 2534.05 4566.3
1.55818e+06 6.49e+10 2534.05 4567.49
1.56025e+06 65000000000 2534.05 4568.69
1.56231e+06 6.51e+10 2534.05 4569.89
1.56438e+06 65200000000 2534.05 4571.09
1.56645e+06 65300000000 2534.05 4572.28
1.56852e+06 6.54e+10 2534.05 4573.48
1.57058e+06 65500000000 2534.05 4574.67
1.57263e+06 6.56e+10 2534.05 4575.87
1.57468e+06 65700000000 2534.05 4577.06
1.57672e+06 65800000000 2534.05 4578.25
1.57876e+06 6.59e+10 2534.05 4579.44
1.58081e+06 66000000000 2534.05 4580.63
1.58285e+06 6.61e+10 2534.05 4581.82
1.5849e+06 66200000000 2534.05 4583.01
1.58694e+06 66300000000 2534.05 4584.2
1.58899e+06 6.64e+10 2534.05 4585.39
1.59103e+06 66500000000 2534.05 4586.58
1.59307e+06 6.66e+10 2534.05 4587.77
1.59512e+06 66700000000 2534.05 4588.95
1.59716e+06 66800000000 2534.05 4590.14
1.59921e+06 6.69e+10 2534.05 4591.32
1.60125e+06 67000000000 2534.05 4592.51
1.6033e+06 6.71e+10 2534.05 4593.69
1.60534e+06 67200000000 2534.05 4594.87
1.60738e+06 67300000000 2534.05 4596.05
1.60943e+06 6.74e+10 2534.05 4597.23
1.61147e+06 67500000000 2534.05 4598.41
1.61352e+06 6.76e+10 2534.05 4599.59
1.61556e+06 67700000000 2534.05 4600.77
1.61761e+06 67800000000 2534.05 4601.95
1.61965e+06 6.79e+10 2534.05 4603.13
1.62169e+06 68000000000 2534.05 4604.31
1.62374e+06 6.81e+10 2534.05 4605.48
1.62578e+06 68200000000 2534.05 4606.66
1.62783e+06 68300000000 2534.05 4607.83
1.62987e+06 6.84e+10 2534.05 4609.01
1.63192e+06 68500000000 2534.05 4610.18
1.63396e+06 6.86e+10 2534.05 4611.35
1.636e+06 68700000000 2534.05 4612.53
1.63805e+06 68800000000 2534.05 4613.7
1.64009e+06 68900000000 2534.05 4614.87
1.64214e+06 69000000000 2534.05 4616.04
1.64418e+06 6.91e+10 2534.05 4617.21
1.64623e+06 69200000000 2534.05 4618.38
1.64827e+06 69300000000 2534.05 4619.55
1.65031e+06 69400000000 2534.05 4620.71
1.65236e+06 69500000000 2534.05 4621.88
1.6544e+06 6.96e+10 2534.05 4623.05
1.65645e+06 69700000000 2534.05 4624.21
1.65849e+06 69800000000 2534.05 4625.38
1.66054e+06 69900000000 2534.05 4626.54
1.66258e+06 70000000000 2534.05 4627.7
1.66462e+06 7.01e+10 2534.05 4628.87
1.66667e+06 70200000000 2534.05 4630.03
1.66871e+06 70300000000 2534.05 4631.19
1.67076e+06 70400000000 2534.05 4632.35
1.67278e+06 70500000000 2534.05 4633.51
1.6748e+06 7.06e+10 2534.05 4634.67
1.67682e+06 70700000000 2534.05 4635.83
1.67884e+06 70800000000 2534.05 4636.99
1.68086e+06 70900000000 2534.05 4638.15
1.68289e+06 71000000000 2534.05 4639.3
1.68491e+06 7.11e+10 2534.05 4640.46
1.68693e+06 71200000000 2534.05 4641.62
1.68895e+06 71300000000 2534.05 4642.77
1.69097e+06 71400000000 2534.05 4643.93
1.69299e+06 71500000000 2534.05 4645.08
1.69501e+06 7.16e+10 2534.05 4646.23
1.69703e+06 71700000000 2534.05 4647.38
1.69905e+06 71800000000 2534.05 4648.54
1.70108e+06 71900000000 2534.05 4649.69
1.7031e+06 72000000000 2534.05 4650.84
1.70512e+06 7.21e+10 2534.05 4651.99
1.70714e+06 72200000000 2534.05 4653.14
1.70916e+06 72300000000 2534.05 4654.29
1.71118e+06 72400000000 2534.05 4655.43
1.7132e+06 72500000000 2534.05 4656.58
1.71522e+06 7.26e+10 2534.05 4657.73
1.71724e+06 72700000000 2534.05 4658.87
1.71926e+06 72800000000 2534.05 4660.02
1.72129e+06 72900000000 2534.05 4661.16
1.72331e+06 73000000000 2534.05 4662.31
1.72533e+06 7.31e+10 2534.05 4663.45
1.72735e+06 73200000000 2534.05 4664.59
1.72937e+06 73300000000 2534.05 4665.74
1.73139e+06 73400000000 2534.05 4666.88
1.73341e+06 73500000000 2534.05 4668.02
1.73543e+06 7.36e+10 2534.05 4669.16
1.73745e+06 73700000000 2534.05 4670.3
1.73948e+06 73800000000 2534.05 4671.44
1.7415e+06 73900000000 2534.05 4672.58
1.74352e+06 74000000000 2534.05 4673.71
1.74554e+06 7.41e+10 2534.05 4674.85
1.74756e+06 74200000000 2534.05 4675.99
1.74958e+06 74300000000 2534.05 4677.12
1.7516e+06 74400000000 2534.05 4678.26
1.75362e+06 74500000000 2534.05 4679.39
1.75564e+06 7.46e+10 2534.05 4680.53
1.75767e+06 74700000000 2534.05 4681.66
1.75969e+06 74800000000 2534.05 4682.8
1.76171e+06 74900000000 2534.05 4683.93
1.76373e+06 75000000000 2534.05 4685.06
1.76575e+06 7.51e+10 2534.05 4686.19
1.76777e+06 75200000000 2534.05 4687.32
1.76979e+06 75300000000 2534.05 4688.45
1.7718e+06 75400000000 2534.05 4689.58
1.7738e+06 75500000000 2534.05 4690.71
1.7758e+06 7.56e+10 2534.05 4691.84
1.7778e+06 75700000000 2534.05 4692.96
1.77979e+06 75800000000 2534.05 4694.09
1.78179e+06 75900000000 2534.05 4695.22
1.78379e+06 76000000000 2534.05 4696.34
1.78579e+06 7.61e+10 2534.05 4697.47
1.78778e+06 76200000000 2534.05 4698.59
1.78978e+06 76300000000 2534.05 4699.72
1.79178e+06 76400000000 2534.05 4700.84
1.79378e+06 76500000000 2534.05 4701.96
1.79577e+06 7.66e+10 2534.05 4703.08
1.79777e+06 76700000000 2534.05 4704.21
1.79977e+06 7.68e+10 2534.05 4705.33
1.80177e+06 76900000000 2534.05 4706.45
1.80376e+06 77000000000 2534.05 4707.57
1.80576e+06 7.71e+10 2534.05 4708.68
1.80776e+06 77200000000 2534.05 4709.8
1.80976e+06 7.73e+10 2534.05 4710.92
1.81175e+06 77400000000 2534.05 4712.04
1.81375e+06 77500000000 2534.05 4713.15
1.81575e+06 7.76e+10 2534.05 4714.27
1.81775e+06 77700000000 2534.05 4715.39
1.81974e+06 7.78e+10 2534.05 4716.5
1.82174e+06 77900000000 2534.05 4717.62
1.82374e+06 78000000000 2534.05 4718.73
1.82574e+06 7.81e+10 2534.05 4719.84
1.82773e+06 78200000000 2534.05 4720.95
1.82973e+06 7.83e+10 2534.05 4722.07
1.83173e+06 78400000000 2534.05 4723.18
1.83373e+06 78500000000 2534.05 4724.29
1.83572e+06 7.86e+10 2534.05 4725.4
1.83772e+06 78700000000 2534.05 4726.51
1.83972e+06 7.88e+10 2534.05 4727.62
1.84172e+06 78900000000 2534.05 4728.73
1.84371e+06 79000000000 2534.05 4729.83
1.84571e+06 7.91e+10 2534.05 4730.94
1.84771e+06 79200000000 2534.05 4732.05
1.84971e+06 7.93e+10 2534.05 4733.15
1.8517e+06 79400000000 2534.05 4734.26
1.8537e+06 79500000000 2534.05 4735.37
1.8557e+06 7.96e+10 2534.05 4736.47
1.8577e+06 79700000000 2534.05 4737.57
1.85969e+06 7.98e+10 2534.05 4738.68
1.86169e+06 79900000000 2534.05 4739.78
1.86369e+06 80000000000 2534.05 4740.88
1.86569e+06 8.01e+10 2534.05 4741.98
1.86768e+06 80200000000 2534.05 4743.08
1.86968e+06 8.03e+10 2534.05 4744.18
1.87167e+06 80400000000 2534.05 4745.28
1.87364e+06 80500000000 2534.05 4746.38
1.87562e+06 8.06e+10 2534.05 4747.48
1.87759e+06 80700000000 2534.05 4748.58
1.87956e+06 8.08e+10 2534.05 4749.68
1.88154e+06 80900000000 2534.05 4750.78
1.88351e+06 81000000000 2534.05 4751.87
1.88549e+06 8.11e+10 2534.05 4752.97
1.88746e+06 81200000000 2534.05 4754.06
1.88943e+06 8.13e+10 2534.05 4755.16
1.89141e+06 81400000000 2534.05 4756.25
1.89338e+06 81500000000 2534.05 4757.35
1.89535e+06 8.16e+10 2534.05 4758.44
1.89733e+06 81700000000 2534.05 4759.53
1.8993e+06 8.18e+10 2534.05 4760.62
1.90127e+06 81900000000 2534.05 4761.72
1.90325e+06 82000000000 2534.05 4762.81
1.90522e+06 8.21e+10 2534.05 4763.9
1.90719e+06 82200000000 2534.05 4764.99
1.90917e+06 8.23e+10 2534.05 4766.08
1.91114e+06 82400000000 2534.05 4767.16
1.91311e+06 82500000000 2534.05 4768.25
1.91509e+06 8.26e+10 2534.05 4769.34
1.91706e+06 82700000000 2534.05 4770.43
1.91903e+06 8.28e+10 2534.05 4771.51
1.92101e+06 82900000000 2534.05 4772.6
1.92298e+06 83000000000 2534.05 4773.69
1.92495e+06 8.31e+10 2534.05 4774.77
1.92693e+06 83200000000 2534.05 4775.86
1.9289e+06 8.33e+10 2534.05 4776.94
1.93088e+06 83400000000 2534.05 4778.02
1.93285e+06 83500000000 2534.05 4779.1
1.93482e+06 8.36e+10 2534.05 4780.19
1.9368e+06 83700000000 2534.05 4781.27
1.93877e+06 8.38e+10 2534.05 4782.35
1.94074e+06 83900000000 2534.05 4783.43
1.94272e+06 84000000000 2534.05 4784.51
1.94469e+06 8.41e+10 2534.05 4785.59
1.94666e+06 84200000000 2534.05 4786.67
1.94864e+06 8.43e+10 2534.05 4787.75
1.95061e+06 84400000000 2534.05 4788.83
1.95258e+06 84500000000 2534.05 4789.9
1.95456e+06 8.46e+10 2534.05 4790.98
1.95653e+06 84700000000 2534.05 4792.06
1.9585e+06 8.48e+10 2534.05 4793.13
1.96048e+06 84900000000 2534.05 4794.21
1.96245e+06 85000000000 2534.05 4795.28
1.96442e+06 8.51e+10 2534.05 4796.36
1.9664e+06 85200000000 2534.05 4797.43
1.96837e+06 8.53e+10 2534.05 4798.5
1.97034e+06 85400000000 2534.05 4799.57
1.9723e+06 85500000000 2534.05 4800.65
1.97425e+06 8.56e+10 2534.05 4801.72
1.9762e+06 85700000000 2534.05 4802.79
1.97815e+06 8.58e+10 2534.05 4803.86
1.9801e+06 85900000000 2534.05 4804.93
1.98205e+06 86000000000 2534.05 4806
1.98399e+06 8.61e+10 2534.05 4807.07
1.98594e+06 86200000000 2534.05 4808.14
1.98789e+06 8.63e+10 2534.05 4809.2
1.98984e+06 86400000000 2534.05 4810.27
1.99179e+06 86500000000 2534.05 4811.34
1.99374e+06 8.66e+10 2534.05 4812.4
1.99569e+06 86700000000 2534.05 4813.47
1.99764e+06 8.68e+10 2534.05 4814.54
1.99958e+06 86900000000 2534.05 4815.6
2.00153e+06 87000000000 2534.05 4816.67
2.00348e+06 8.71e+10 2534.05 4817.73
2.00543e+06 87200000000 2534.05 4818.79
2.00738e+06 8.73e+10 2534.05 4819.85
2.00933e+06 87400000000 2534.05 4820.92
2.01128e+06 87500000000 2534.05 4821.98
2.01323e+06 8.76e+10 2534.05 4823.04
2.01518e+06 87700000000 2534.05 4824.1
2.01712e+06 8.78e+10 2534.05 4825.16
2.01907e+06 87900000000 2534.05 4826.22
2.02102e+06 88000000000 2534.05 4827.28
2.02297e+06 8.81e+10 2534.05 4828.34
2.02492e+06 88200000000 2534.05 4829.4
2.02687e+06 8.83e+10 2534.05 4830.45
2.02882e+06 88400000000 2534.05 4831.51
2.03077e+06 88500000000 2534.05 4832.57
2.03271e+06 8.86e+10 2534.05 4833.62
2.03466e+06 88700000000 2534.05 4834.68
2.03661e+06 8.88e+10 2534.05 4835.73
2.03856e+06 88900000000 2534.05 4836.79
2.04051e+06 89000000000 2534.05 4837.84
2.04246e+06 8.91e+10 2534.05 4838.9
2.04441e+06 89200000000 2534.05 4839.95
2.04636e+06 8.93e+10 2534.05 4841
2.0483e+06 89400000000 2534.05 4842.05
2.05025e+06 89500000000 2534.05 4843.11
2.0522e+06 8.96e+10 2534.05 4844.16
2.05415e+06 89700000000 2534.05 4845.21
2.0561e+06 8.98e+10 2534.05 4846.26
2.05805e+06 89900000000 2534.05 4847.31
2.06e+06 90000000000 2534.05 4848.36
2.06195e+06 9.01e+10 2534.05 4849.4
2.06389e+06 90200000000 2534.05 4850.45
2.06584e+06 9.03e+10 2534.05 4851.5
2.06779e+06 90400000000 2534.05 4852.55
2.06974e+06 90500000000 2534.05 4853.59
2.07168e+06 9.06e+10 2534.05 4854.64
2.0736e+06 90700000000 2534.05 4855.69
2.07553e+06 9.08e+10 2534.05 4856.73
2.07745e+06 90900000000 2534.05 4857.77
2.07937e+06 91000000000 2534.05 4858.82
2.0813e+06 9.11e+10 2534.05 4859.86
2.08322e+06 91200000000 2534.05 4860.91
2.08514e+06 9.13e+10 2534.05 4861.95
2.08707e+06 91400000000 2534.05 4862.99
2.08899e+06 91500000000 2534.05 4864.03
2.09091e+06 9.16e+10 2534.05 4865.07
2.09284e+06 91700000000 2534.05 4866.11
2.09476e+06 9.18e+10 2534.05 4867.15
2.09668e+06 91900000000 2534.05 4868.19
2.09861e+06 92000000000 2534.05 4869.23
2.10053e+06 9.21e+10 2534.05 4870.27
2.10245e+06 92200000000 2534.05 4871.31
2.10438e+06 9.23e+10 2534.05 4872.35
2.1063e+06 92400000000 2534.05 4873.39
2.10822e+06 92500000000 2534.05 4874.42
2.11015e+06 9.26e+10 2534.05 4875.46
2.11207e+06 92700000000 2534.05 4876.5
2.11399e+06 9.28e+10 2534.05 4877.53
2.11592e+06 92900000000 2534.05 4878.57
2.11784e+06 93000000000 2534.05 4879.6
2.11976e+06 9.31e+10 2534.05 4880.63
2.12169e+06 93200000000 2534.05 4881.67
2.12361e+06 9.33e+10 2534.05 4882.7
2.12553e+06 93400000000 2534.05 4883.73
2.12746e+06 93500000000 2534.05 4884.77
2.12938e+06 9.36e+10 2534.05 4885.8
2.1313e+06 93700000000 2534.05 4886.83
2.13323e+06 9.38e+10 2534.05 4887.86
2.13515e+06 93900000000 2534.05 4888.89
2.13707e+06 94000000000 2534.05 4889.92
2.139e+06 9.41e+10 2534.05 4890.95
2.14092e+06 94200000000 2534.05 4891.98
2.14284e+06 9.43e+10 2534.05 4893.01
2.14476e+06 94400000000 2534.05 4894.03
2.14669e+06 94500000000 2534.05 4895.06
2.14861e+06 9.46e+10 2534.05 4896.09
2.15053e+06 94700000000 2534.05 4897.11
2.15246e+06 9.48e+10 2534.05 4898.14
2.15438e+06 94900000000 2534.05 4899.17
2.1563e+06 95000000000 2534.05 4900.19
2.15823e+06 9.51e+10 2534.05 4901.22
2.16015e+06 95200000000 2534.05 4902.24
2.16207e+06 9.53e+10 2534.05 4903.26
2.164e+06 95400000000 2534.05 4904.29
2.16592e+06 95500000000 2534.05 4905.31
2.16784e+06 9.56e+10 2534.05 4906.33
2.16977e+06 95700000000 2534.05 4907.35
2.17168e+06 9.58e+10 2534.05 4908.37
2.17358e+06 95900000000 2534.05 4909.4
2.17547e+06 96000000000 2534.05 4910.42
2.17737e+06 9.61e+10 2534.05 4911.44
2.17927e+06 96200000000 2534.05 4912.46
2.18116e+06 9.63e+10 2534.05 4913.47
2.18306e+06 96400000000 2534.05 4914.49
2.18496e+06 96500000000 2534.05 4915.51
2.18685e+06 9.66e+10 2534.05 4916.53
2.18875e+06 96700000000 2534.05 4917.55
2.19065e+06 9.68e+10 2534.05 4918.56
2.19255e+06 96900000000 2534.05 4919.58
2.19444e+06 97000000000 2534.05 4920.6
2.19634e+06 9.71e+10 2534.05 4921.61
2.19824e+06 97200000000 2534.05 4922.63
2.20013e+06 9.73e+10 2534.05 4923.64
2.20203e+06 97400000000 2534.05 4924.65
2.20393e+06 97500000000 2534.05 4925.67
2.20582e+06 9.76e+10 2534.05 4926.68
2.20772e+06 97700000000 2534.05 4927.69
2.20962e+06 9.78e+10 2534.05 4928.71
2.21151e+06 97900000000 2534.05 4929.72
2.21341e+06 98000000000 2534.05 4930.73
2.21531e+06 9.81e+10 2534.05 4931.74
2.2172e+06 98200000000 2534.05 4932.75
2.2191e+06 9.83e+10 2534.05 4933.76
2.221e+06 98400000000 2534.05 4934.77
2.22289e+06 98500000000 2534.05 4935.78
2.22479e+06 9.86e+10 2534.05 4936.79
2.22669e+06 98700000000 2534.05 4937.8
2.22858e+06 9.88e+10 2534.05 4938.81
2.23048e+06 98900000000 2534.05 4939.81
2.23238e+06 99000000000 2534.05 4940.82
2.23427e+06 9.91e+10 2534.05 4941.83
2.23617e+06 99200000000 2534.05 4942.83
2.23807e+06 9.93e+10 2534.05 4943.84
2.23996e+06 99400000000 2534.05 4944.84
2.24186e+06 99500000000 2534.05 4945.85
2.24376e+06 9.96e+10 2534.05 4946.85
2.24565e+06 99700000000 2534.05 4947.86
2.24755e+06 9.98e+10 2534.05 4948.86
2.24945e+06 99900000000 2534.05 4949.86
2.25134e+06 100000000000 2534.05 4950.86
2.25324e+06 1.001e+11 2534.05 4951.87
2.25514e+06 100200000000 2534.05 4952.87
2.25703e+06 1.003e+11 2534.05 4953.87
2.25893e+06 100400000000 2534.05 4954.87
2.26083e+06 100500000000 2534.05 4955.87
2.26272e+06 1.006e+11 2534.05 4956.87
2.26462e+06 100700000000 2534.05 4957.87
2.26652e+06 1.008e+11 2534.05 4958.87
2.26841e+06 100900000000 2534.05 4959.87
2.27031e+06 101000000000 2534.05 4960.87
2.27219e+06 1.011e+11 2534.05 4961.86
2.27406e+06 101200000000 2534.05 4962.86
2.27593e+06 1.013e+11 2534.05 4963.86
2.2778e+06 101400000000 2534.05 4964.86
2.27967e+06 101500000000 2534.05 4965.85
2.28154e+06 1.016e+11 2534.05 4966.85
2.28341e+06 101700000000 2534.05 4967.84
2.28527e+06 1.018e+11 2534.05 4968.84
2.28714e+06 101900000000 2534.05 4969.83
2.28901e+06 102000000000 2534.05 4970.83
2.29088e+06 1.021e+11 2534.05 4971.82
2.29275e+06 102200000000 2534.05 4972.81
2.29462e+06 1.023e+11 2534.05 4973.8
2.29649e+06 102400000000 2534.05 4974.8
2.29836e+06 102500000000 2534.05 4975.79
2.30023e+06 1.026e+11 2534.05 4976.78
2.3021e+06 102700000000 2534.05 4977.77
2.30397e+06 1.028e+11 2534.05 4978.76
2.30583e+06 102900000000 2534.05 4979.75
2.3077e+06 103000000000 2534.05 4980.74
2.30957e+06 1.031e+11 2534.05 4981.73
2.31144e+06 103200000000 2534.05 4982.72
2.31331e+06 1.033e+11 2534.05 4983.71
2.31518e+06 103400000000 2534.05 4984.7
2.31705e+06 103500000000 2534.05 4985.68
2.31892e+06 1.036e+11 2534.05 4986.67
2.32079e+06 103700000000 2534.05 4987.66
2.32266e+06 1.038e+11 2534.05 4988.64
2.32453e+06 103900000000 2534.05 4989.63
2.3264e+06 104000000000 2534.05 4990.62
2.32826e+06 1.041e+11 2534.05 4991.6
2.33013e+06 104200000000 2534.05 4992.59
2.332e+06 1.043e+11 2534.05 4993.57
2.33387e+06 104400000000 2534.05 4994.55
2.33574e+06 104500000000 2534.05 4995.54
2.33761e+06 1.046e+11 2534.05 4996.52
2.33948e+06 104700000000 2534.05 4997.5
2.34135e+06 1.048e+11 2534.05 4998.49
2.34322e+06 104900000000 2534.05 4999.47
2.34509e+06 105000000000 2534.05 5000.45
2.34696e+06 1.051e+11 2534.05 5001.43
2.34882e+06 105200000000 2534.05 5002.41
2.35069e+06 1.053e+11 2534.05 5003.39
2.35256e+06 105400000000 2534.05 5004.37
2.35443e+06 105500000000 2534.05 5005.35
2.3563e+06 1.056e+11 2534.05 5006.33
2.35817e+06 105700000000 2534.05 5007.31
2.36004e+06 1.058e+11 2534.05 5008.28
2.36191e+06 105900000000 2534.05 5009.26
2.36378e+06 106000000000 2534.05 5010.24
2.36565e+06 1.061e+11 2534.05 5011.22
2.36752e+06 106200000000 2534.05 5012.19
2.36939e+06 1.063e+11 2534.05 5013.17
2.37125e+06 106400000000 2534.05 5014.14
2.37309e+06 106500000000 2534.05 5015.12
2.37493e+06 1.066e+11 2534.05 5016.09
2.37677e+06 106700000000 2534.05 5017.07
2.37861e+06 1.068e+11 2534.05 5018.04
2.38045e+06 106900000000 2534.05 5019.02
2.38229e+06 107000000000 2534.05 5019.99
2.38413e+06 1.071e+11 2534.05 5020.96
2.38597e+06 107200000000 2534.05 5021.94
2.38781e+06 1.073e+11 2534.05 5022.91
2.38965e+06 107400000000 2534.05 5023.88
2.39149e+06 107500000000 2534.05 5024.85
2.39333e+06 1.076e+11 2534.05 5025.82
2.39517e+06 107700000000 2534.05 5026.79
2.39701e+06 1.078e+11 2534.05 5027.76
2.39885e+06 107900000000 2534.05 5028.73
2.40069e+06 108000000000 2534.05 5029.7
2.40253e+06 1.081e+11 2534.05 5030.67
2.40437e+06 108200000000 2534.05 5031.64
2.40621e+06 1.083e+11 2534.05 5032.61
2.40805e+06 108400000000 2534.05 5033.57
2.40989e+06 108500000000 2534.05 5034.54
2.41173e+06 1.086e+11 2534.05 5035.51
2.41357e+06 108700000000 2534.05 5036.47
2.41541e+06 1.088e+11 2534.05 5037.44
2.41725e+06 108900000000 2534.05 5038.41
2.41909e+06 109000000000 2534.05 5039.37
2.42093e+06 1.091e+11 2534.05 5040.34
2.42277e+06 109200000000 2534.05 5041.3
2.42461e+06 1.093e+11 2534.05 5042.27
2.42646e+06 109400000000 2534.05 5043.23
2.4283e+06 109500000000 2534.05 5044.19
2.43014e+06 1.096e+11 2534.05 5045.16
2.43198e+06 109700000000 2534.05 5046.12
2.43382e+06 1.098e+11 2534.05 5047.08
2.43566e+06 109900000000 2534.05 5048.04
2.4375e+06 110000000000 2534.05 5049
2.43934e+06 1.101e+11 2534.05 5049.96
2.44118e+06 110200000000 2534.05 5050.93
2.44302e+06 1.103e+11 2534.05 5051.89
2.44486e+06 110400000000 2534.05 5052.85
2.4467e+06 110500000000 2534.05 5053.81
2.44854e+06 1.106e+11 2534.05 5054.76
2.45038e+06 110700000000 2534.05 5055.72
2.45222e+06 1.108e+11 2534.05 5056.68
2.45406e+06 110900000000 2534.05 5057.64
2.4559e+06 111000000000 2534.05 5058.6
2.45774e+06 1.111e+11 2534.05 5059.55
2.45958e+06 111200000000 2534.05 5060.51
2.46142e+06 1.113e+11 2534.05 5061.47
2.46326e+06 111400000000 2534.05 5062.42
2.4651e+06 111500000000 2534.05 5063.38
2.46694e+06 1.116e+11 2534.05 5064.33
2.46878e+06 111700000000 2534.05 5065.29
2.47062e+06 1.118e+11 2534.05 5066.24
2.47244e+06 111900000000 2534.05 5067.2
2.47424e+06 112000000000 2534.05 5068.15
2.47605e+06 1.121e+11 2534.05 5069.1
2.47786e+06 112200000000 2534.05 5070.06
2.47967e+06 1.123e+11 2534.05 5071.01
2.48148e+06 112400000000 2534.05 5071.96
2.48329e+06 112500000000 2534.05 5072.91
2.4851e+06 1.126e+11 2534.05 5073.87
2.48691e+06 112700000000 2534.05 5074.82
2.48872e+06 1.128e+11 2534.05 5075.77
2.49053e+06 112900000000 2534.05 5076.72
2.49234e+06 113000000000 2534.05 5077.67
2.49415e+06 1.131e+11 2534.05 5078.62
2.49596e+06 113200000000 2534.05 5079.57
2.49777e+06 1.133e+11 2534.05 5080.52
2.49958e+06 113400000000 2534.05 5081.46
2.50139e+06 113500000000 2534.05 5082.41
2.5032e+06 1.136e+11 2534.05 5083.36
2.50501e+06 113700000000 2534.05 5084.31
2.50682e+06 1.138e+11 2534.05 5085.25
2.50863e+06 113900000000 2534.05 5086.2
2.51044e+06 114000000000 2534.05 5087.15
2.51225e+06 1.141e+11 2534.05 5088.09
2.51406e+06 114200000000 2534.05 5089.04
2.51587e+06 1.143e+11 2534.05 5089.98
2.51768e+06 114400000000 2534.05 5090.93
2.51949e+06 114500000000 2534.05 5091.87
2.5213e+06 1.146e+11 2534.05 5092.82
2.52311e+06 114700000000 2534.05 5093.76
2.52492e+06 1.148e+11 2534.05 5094.7
2.52673e+06 114900000000 2534.05 5095.65
2.52854e+06 115000000000 2534.05 5096.59
2.53035e+06 1.151e+11 2534.05 5097.53
2.53215e+06 115200000000 2534.05 5098.47
2.53396e+06 1.153e+11 2534.05 5099.41
2.53577e+06 115400000000 2534.05 5100.36
2.53758e+06 115500000000 2534.05 5101.3
2.53939e+06 1.156e+11 2534.05 5102.24
2.5412e+06 115700000000 2534.05 5103.18
2.54301e+06 1.158e+11 2534.05 5104.12
2.54482e+06 115900000000 2534.05 5105.06
2.54663e+06 116000000000 2534.05 5105.99
2.54844e+06 1.161e+11 2534.05 5106.93
2.55025e+06 116200000000 2534.05 5107.87
2.55206e+06 1.163e+11 2534.05 5108.81
2.55387e+06 116400000000 2534.05 5109.75
2.55568e+06 116500000000 2534.05 5110.68
2.55749e+06 1.166e+11 2534.05 5111.62
2.5593e+06 116700000000 2534.05 5112.56
2.56111e+06 1.168e+11 2534.05 5113.49
2.56292e+06 116900000000 2534.05 5114.43
2.56473e+06 117000000000 2534.05 5115.36
2.56654e+06 1.171e+11 2534.05 5116.3
2.56835e+06 117200000000 2534.05 5117.23
2.57016e+06 1.173e+11 2534.05 5118.17
2.57195e+06 117400000000 2534.05 5119.1
2.57373e+06 117500000000 2534.05 5120.03
2.57551e+06 1.176e+11 2534.05 5120.97
2.57728e+06 117700000000 2534.05 5121.9
2.57906e+06 1.178e+11 2534.05 5122.83
2.58084e+06 117900000000 2534.05 5123.77
2.58262e+06 118000000000 2534.05 5124.7
2.58439e+06 1.181e+11 2534.05 5125.63
2.58617e+06 118200000000 2534.05 5126.56
2.58795e+06 1.183e+11 2534.05 5127.49
2.58973e+06 118400000000 2534.05 5128.42
2.59151e+06 118500000000 2534.05 5129.35
2.59328e+06 1.186e+11 2534.05 5130.28
2.59506e+06 118700000000 2534.05 5131.21
2.59684e+06 1.188e+11 2534.05 5132.14
2.59862e+06 118900000000 2534.05 5133.07
2.60039e+06 119000000000 2534.05 5133.99
2.60217e+06 1.191e+11 2534.05 5134.92
2.60395e+06 119200000000 2534.05 5135.85
2.60573e+06 1.193e+11 2534.05 5136.78
2.6075e+06 119400000000 2534.05 5137.7
2.60928e+06 119500000000 2534.05 5138.63
2.61106e+06 1.196e+11 2534.05 5139.56
2.61284e+06 119700000000 2534.05 5140.48
2.61461e+06 1.198e+11 2534.05 5141.41
2.61639e+06 119900000000 2534.05 5142.33
2.61817e+06 120000000000 2534.05 5143.26
2.61995e+06 1.201e+11 2534.05 5144.18
2.62173e+06 120200000000 2534.05 5145.11
2.6235e+06 1.203e+11 2534.05 5146.03
2.62528e+06 120400000000 2534.05 5146.95
2.62706e+06 120500000000 2534.05 5147.87
2.62884e+06 1.206e+11 2534.05 5148.8
2.63061e+06 120700000000 2534.05 5149.72
2.63239e+06 1.208e+11 2534.05 5150.64
2.63417e+06 120900000000 2534.05 5151.56
2.63595e+06 121000000000 2534.05 5152.48
2.63772e+06 1.211e+11 2534.05 5153.41
2.6395e+06 121200000000 2534.05 5154.33
2.64128e+06 1.213e+11 2534.05 5155.25
2.64306e+06 121400000000 2534.05 5156.17
2.64483e+06 121500000000 2534.05 5157.09
2.64661e+06 1.216e+11 2534.05 5158
2.64839e+06 121700000000 2534.05 5158.92
2.65017e+06 1.218e+11 2534.05 5159.84
2.65195e+06 121900000000 2534.05 5160.76
2.65372e+06 122000000000 2534.05 5161.68
2.6555e+06 1.221e+11 2534.05 5162.6
2.65728e+06 122200000000 2534.05 5163.51
2.65906e+06 1.223e+11 2534.05 5164.43
2.66083e+06 122400000000 2534.05 5165.35
2.66261e+06 122500000000 2534.05 5166.26
2.66439e+06 1.226e+11 2534.05 5167.18
2.66617e+06 122700000000 2534.05 5168.09
2.66794e+06 1.228e+11 2534.05 5169.01
2.66972e+06 122900000000 2534.05 5169.92
2.67149e+06 123000000000 2534.05 5170.84
2.67324e+06 1.231e+11 2534.05 5171.75
2.67499e+06 123200000000 2534.05 5172.66
2.67674e+06 1.233e+11 2534.05 5173.58
2.67849e+06 123400000000 2534.05 5174.49
2.68024e+06 123500000000 2534.05 5175.4
2.68199e+06 1.236e+11 2534.05 5176.32
2.68373e+06 123700000000 2534.05 5177.23
2.68548e+06 1.238e+11 2534.05 5178.14
2.68723e+06 123900000000 2534.05 5179.05
2.68898e+06 124000000000 2534.05 5179.96
2.69073e+06 1.241e+11 2534.05 5180.87
2.69248e+06 124200000000 2534.05 5181.78
2.69423e+06 1.243e+11 2534.05 5182.69
2.69598e+06 124400000000 2534.05 5183.6
2.69773e+06 124500000000 2534.05 5184.51
2.69948e+06 1.246e+11 2534.05 5185.42
2.70123e+06 124700000000 2534.05 5186.33
2.70297e+06 1.248e+11 2534.05 5187.24
2.70472e+06 124900000000 2534.05 5188.15
2.70647e+06 125000000000 2534.05 5189.05
2.70822e+06 1.251e+11 2534.05 5189.96
2.70997e+06 125200000000 2534.05 5190.87
2.71172e+06 1.253e+11 2534.05 5191.78
2.71347e+06 125400000000 2534.05 5192.68
2.71522e+06 125500000000 2534.05 5193.59
2.71697e+06 1.256e+11 2534.05 5194.49
2.71872e+06 125700000000 2534.05 5195.4
2.72046e+06 1.258e+11 2534.05 5196.3
2.72221e+06 125900000000 2534.05 5197.21
2.72396e+06 126000000000 2534.05 5198.11
2.72571e+06 1.261e+11 2534.05 5199.02
2.72746e+06 126200000000 2534.05 5199.92
2.72921e+06 1.263e+11 2534.05 5200.83
2.73096e+06 126400000000 2534.05 5201.73
2.73271e+06 126500000000 2534.05 5202.63
2.73446e+06 1.266e+11 2534.05 5203.53
2.73621e+06 126700000000 2534.05 5204.44
2.73795e+06 1.268e+11 2534.05 5205.34
2.7397e+06 126900000000 2534.05 5206.24
2.74145e+06 127000000000 2534.05 5207.14
2.74318e+06 1.271e+11 2534.05 5208.04
2.74491e+06 127200000000 2534.05 5208.94
2.74664e+06 1.273e+11 2534.05 5209.84
2.74837e+06 127400000000 2534.05 5210.74
2.75011e+06 127500000000 2534.05 5211.64
2.75184e+06 1.276e+11 2534.05 5212.54
2.75357e+06 127700000000 2534.05 5213.44
2.7553e+06 1.278e+11 2534.05 5214.34
2.75703e+06 127900000000 2534.05 5215.24
2.75876e+06 128000000000 2534.05 5216.13
2.7605e+06 128100000000 2534.05 5217.03
2.76223e+06 1.282e+11 2534.05 5217.93
2.76396e+06 1.283e+11 2534.05 5218.83
2.76569e+06 128400000000 2534.05 5219.72
2.76742e+06 128500000000 2534.05 5220.62
2.76915e+06 128600000000 2534.05 5221.52
2.77088e+06 1.287e+11 2534.05 5222.41
2.77259e+06 1.288e+11 2534.05 5223.31
2.7743e+06 128900000000 2534.05 5224.2
2.77601e+06 129000000000 2534.05 5225.1
2.77772e+06 129100000000 2534.05 5225.99
2.77943e+06 1.292e+11 2534.05 5226.88
2.78113e+06 1.293e+11 2534.05 5227.78
2.78284e+06 129400000000 2534.05 5228.67
2.78455e+06 129500000000 2534.05 5229.57
2.78626e+06 129600000000 2534.05 5230.46
2.78796e+06 1.297e+11 2534.05 5231.35
2.78967e+06 1.298e+11 2534.05 5232.24
2.79138e+06 129900000000 2534.05 5233.13
2.79309e+06 130000000000 2534.05 5234.03
2.7948e+06 130100000000 2534.05 5234.92
2.7965e+06 1.302e+11 2534.05 5235.81
2.79821e+06 1.303e+11 2534.05 5236.7
2.79992e+06 130400000000 2534.05 5237.59
2.80163e+06 130500000000 2534.05 5238.48
2.80334e+06 130600000000 2534.05 5239.37
2.80504e+06 1.307e+11 2534.05 5240.26
2.80675e+06 1.308e+11 2534.05 5241.15
2.80846e+06 130900000000 2534.05 5242.04
2.81017e+06 131000000000 2534.05 5242.93
2.81187e+06 131100000000 2534.05 5243.81
2.81358e+06 1.312e+11 2534.05 5244.7
2.81529e+06 1.313e+11 2534.05 5245.59
2.817e+06 131400000000 2534.05 5246.48
2.81871e+06 131500000000 2534.05 5247.36
2.82041e+06 131600000000 2534.05 5248.25
2.82212e+06 1.317e+11 2534.05 5249.14
2.82383e+06 1.318e+11 2534.05 5250.02
2.82554e+06 131900000000 2534.05 5250.91
2.82725e+06 132000000000 2534.05 5251.79
2.82895e+06 132100000000 2534.05 5252.68
2.83066e+06 1.322e+11 2534.05 5253.56
2.83237e+06 1.323e+11 2534.05 5254.45
2.83408e+06 132400000000 2534.05 5255.33
2.83579e+06 132500000000 2534.05 5256.22
2.83749e+06 132600000000 2534.05 5257.1
2.8392e+06 1.327e+11 2534.05 5257.98
2.84091e+06 1.328e+11 2534.05 5258.87
2.84262e+06 132900000000 2534.05 5259.75
2.84432e+06 133000000000 2534.05 5260.63
2.84603e+06 133100000000 2534.05 5261.51
2.84774e+06 1.332e+11 2534.05 5262.39
2.84945e+06 1.333e+11 2534.05 5263.28
2.85116e+06 133400000000 2534.05 5264.16
2.85286e+06 133500000000 2534.05 5265.04
2.85457e+06 133600000000 2534.05 5265.92
2.85628e+06 1.337e+11 2534.05 5266.8
2.85799e+06 1.338e+11 2534.05 5267.68
2.8597e+06 133900000000 2534.05 5268.56
2.8614e+06 134000000000 2534.05 5269.44
2.86311e+06 134100000000 2534.05 5270.32
2.86482e+06 1.342e+11 2534.05 5271.19
2.86653e+06 1.343e+11 2534.05 5272.07
2.86823e+06 134400000000 2534.05 5272.95
2.86994e+06 134500000000 2534.05 5273.83
2.87164e+06 134600000000 2534.05 5274.71
2.87332e+06 1.347e+11 2534.05 5275.58
2.875e+06 1.348e+11 2534.05 5276.46
2.87669e+06 134900000000 2534.05 5277.34
2.87837e+06 135000000000 2534.05 5278.21
2.88005e+06 135100000000 2534.05 5279.09
2.88173e+06 1.352e+11 2534.05 5279.96
2.88342e+06 1.353e+11 2534.05 5280.84
2.8851e+06 135400000000 2534.05 5281.72
2.88678e+06 135500000000 2534.05 5282.59
2.88846e+06 135600000000 2534.05 5283.46
2.89014e+06 1.357e+11 2534.05 5284.34
2.89183e+06 1.358e+11 2534.05 5285.21
2.89351e+06 135900000000 2534.05 5286.09
2.89519e+06 136000000000 2534.05 5286.96
2.89687e+06 136100000000 2534.05 5287.83
2.89855e+06 1.362e+11 2534.05 5288.71
2.90024e+06 1.363e+11 2534.05 5289.58
2.90192e+06 136400000000 2534.05 5290.45
2.9036e+06 136500000000 2534.05 5291.32
2.90528e+06 136600000000 2534.05 5292.19
2.90696e+06 1.367e+11 2534.05 5293.06
2.90865e+06 1.368e+11 2534.05 5293.94
2.91033e+06 136900000000 2534.05 5294.81
2.91201e+06 137000000000 2534.05 5295.68
2.91369e+06 137100000000 2534.05 5296.55
2.91538e+06 1.372e+11 2534.05 5297.42
2.91706e+06 1.373e+11 2534.05 5298.29
2.91874e+06 137400000000 2534.05 5299.15
2.92042e+06 137500000000 2534.05 5300.02
2.9221e+06 137600000000 2534.05 5300.89
2.92379e+06 1.377e+11 2534.05 5301.76
2.92547e+06 137800000000 2534.05 5302.63
2.92715e+06 137900000000 2534.05 5303.5
2.92883e+06 138000000000 2534.05 5304.36
2.93051e+06 138100000000 2534.05 5305.23
2.9322e+06 1.382e+11 2534.05 5306.1
2.93388e+06 138300000000 2534.05 5306.96
2.93556e+06 138400000000 2534.05 5307.83
2.93724e+06 138500000000 2534.05 5308.7
2.93892e+06 138600000000 2534.05 5309.56
2.94061e+06 1.387e+11 2534.05 5310.43
2.94229e+06 138800000000 2534.05 5311.29
2.94397e+06 138900000000 2534.05 5312.16
2.94565e+06 139000000000 2534.05 5313.02
2.94733e+06 139100000000 2534.05 5313.89
2.94902e+06 1.392e+11 2534.05 5314.75
2.9507e+06 139300000000 2534.05 5315.61
2.95238e+06 139400000000 2534.05 5316.48
2.95406e+06 139500000000 2534.05 5317.34
2.95575e+06 139600000000 2534.05 5318.2
2.95743e+06 1.397e+11 2534.05 5319.07
2.95911e+06 139800000000 2534.05 5319.93
2.96079e+06 139900000000 2534.05 5320.79
2.96247e+06 140000000000 2534.05 5321.65
